c_tag=0, c_target=1, delta_diff lower bound=0.0, delta_diff upper bound=0.0, solve_time=0.10012507438659668
c_tag=0, c_target=2, delta_diff lower bound=0.0, delta_diff upper bound=1.0e100, solve_time=0.05866813659667969
c_tag=0, c_target=3, delta_diff lower bound=0.0, delta_diff upper bound=1.0e100, solve_time=0.05861496925354004
c_tag=0, c_target=4, delta_diff lower bound=0.0, delta_diff upper bound=0.0, solve_time=0.09319400787353516
