c_tag=0, delta_diff lower bound=120.98, delta_diff upper bound=122.17, solve_time=13.940020084381104
c_tag=1, delta_diff lower bound=139.86, delta_diff upper bound=141.06, solve_time=10.099742889404297
c_tag=2, delta_diff lower bound=84.21, delta_diff upper bound=84.98, solve_time=5.829995155334473
c_tag=3, delta_diff lower bound=77.84, delta_diff upper bound=78.51, solve_time=12.522063970565796
