c_tag=0, delta_diff lower bound=117.65, delta_diff upper bound=129.1, solve_time=6.361790895462036
c_tag=1, delta_diff lower bound=130.62, delta_diff upper bound=143.08, solve_time=8.298479080200195
