c_tag=0, delta_diff lower bound=0.0, delta_diff upper bound=0.0, solve_time=0.47114109992980957
c_tag=1, delta_diff lower bound=-0.0, delta_diff upper bound=-0.0, solve_time=0.555211067199707
